200 70 -0.375
200 70 -0.375
200 70 -0.375
200 70 -0.375
200 70 -0.375
200 70 -0.375
200 70 -0.375
200 70 -0.375
200 70 -0.375
200 70 -0.375
200 70 -0.375
200 70 -0.375
200 70 -0.375
200 70 -0.375
200 70 -0.375
200 70 -0.375
200 70 -0.375
200 70 -0.375
200 70 -0.375
200 70 -0.375
200 70 -0.375
200 70 -0.375
200 70 -0.375
200 70 -0.375
200 70 -0.375
200 70 -0.375
200 70 -0.375
200 70 -0.375
200 70 -0.375
200 70 -0.375
200 70 -0.375
200 70 -0.375
200 70 -0.375
200 70 -0.375
200 70 -0.375
200 70 -0.375
200 70 -0.375
200 70 -0.375
200 70 -0.375
200 70 -0.375
200 70 -0.375
200 70 -0.375
200 70 -0.375
200 70 -0.375
200 70 -0.375
200 70 -0.375
200 70 -0.375
200 70 -0.375
200 70 -0.375
200 70 -0.375
200 70 -0.375
200 70 -0.375
200 70 -0.375
200 70 -0.375
200 70 -0.375
200 70 -0.375
200 70 -0.375
200 70 -0.375
200 70 -0.375
200 70 -0.375
200 70 -0.375
200 70 -0.375
200 70 -0.375
200 70 -0.375
200 70 -0.375
200 70 -0.375
200 70 -0.375
200 70 -0.375
200 70 -0.375
200 70 -0.375
200 70 -0.375
200 70 -0.375
200 70 -0.375
200 70 -0.375
200 70 -0.375
200 70 -0.375
200 70 -0.375
200 70 -0.375
200 70 -0.375
200 70 -0.375
200 70 -0.375
